Table A8: ARI for OPTICS on real-world datasets
====================================================================================================================================================================================================================================================================
Dataset                 No Reduction       PCA_k-1       PCA_25%       PCA_50%Kernel PCA_k-1Kernel PCA_25%Kernel PCA_50%       VAE_k-1       VAE_25%       VAE_50%    Isomap_k-1    Isomap_25%    Isomap_50%       MDS_k-1       MDS_25%       MDS_50%
--------------------------------------------------------------------------------------------------------------------------------------------------------------------------------------------------------------------------------------------------------------------
Breast Wisconsin                0.05         -0.01          0.03          0.07          0.04          0.11          0.09          0.04          0.05          0.03          0.00          0.08          0.05          0.02          0.04          0.05
Breast tissue                   0.23          0.23          0.10          0.00          0.19          0.31          0.04          0.00          0.05          0.00          0.22          0.17          0.22          0.23          0.20          0.23
Ecoli                           0.31          0.31          0.06          0.02          0.31          0.34          0.41          0.31          0.03          0.02          0.31          0.06          0.23          0.31          0.02          0.42
Glass                           0.12          0.10          0.16          0.14          0.19          0.15          0.13          0.16          0.00         -0.02          0.04          0.08          0.03          0.12          0.02          0.09
Haberman                        0.02         -0.05         -0.05         -0.05         -0.03         -0.03         -0.03         -0.07         -0.05         -0.02         -0.03         -0.03         -0.03         -0.02         -0.02         -0.02
Ionosphere                      0.18          0.02          0.03          0.00          0.11          0.00          0.18         -0.01          0.02         -0.02          0.00          0.00         -0.01         -0.03          0.01          0.20
Iris                            0.57          0.57          0.57          0.57          0.54          0.54          0.54          0.00          0.02          0.02          0.40          0.40          0.40          0.57          0.57          0.57
Movement libras                 0.08          0.13          0.10          0.06          0.18          0.12          0.08          0.02          0.06          0.03          0.10          0.08          0.11          0.09          0.07          0.07
Musk                            0.10          0.01          0.14          0.06          0.01          0.02          0.12          0.00          0.01          0.04          0.04          0.02          0.00          0.02          0.09          0.06
Parkinsons                      0.33          0.15          0.29          0.32          0.07          0.20          0.11         -0.05          0.08          0.10          0.06          0.13          0.13          0.14          0.22          0.34
Segmentation                    0.24          0.20          0.08          0.09          0.19          0.19          0.09          0.10          0.00          0.10          0.01          0.01          0.04          0.00          0.00          0.00
Sonar all                       0.01          0.00          0.01          0.01         -0.00          0.05          0.04          0.00         -0.00          0.00          0.01          0.01          0.01          0.01          0.01          0.01
Spectf                          0.16          0.13          0.07          0.20          0.02          0.05         -0.01          0.07          0.08          0.05          0.07          0.08          0.03          0.19          0.17          0.20
Transfusion                    -0.01         -0.04         -0.04         -0.04         -0.00         -0.00         -0.00         -0.03         -0.02         -0.00         -0.02         -0.02         -0.02         -0.02         -0.02         -0.02
Vehicle                         0.04          0.04          0.03          0.04          0.04          0.05          0.05          0.01          0.01          0.01          0.03          0.04          0.03          0.01          0.00          0.01
Vertebral column                0.03          0.04          0.04          0.04          0.04          0.04          0.02          0.01          0.09          0.02          0.09          0.09         -0.02          0.03          0.03          0.02
Vowel context                   0.07          0.07          0.02          0.07          0.07          0.02          0.06          0.07          0.01          0.03          0.07          0.03          0.05          0.07          0.03          0.05
Wine                            0.41          0.30          0.15          0.10          0.25          0.46          0.16          0.05          0.01          0.01          0.15          0.19          0.09          0.11          0.28          0.09
Wine quality red                0.01         -0.01         -0.00         -0.02         -0.00          0.00         -0.00          0.01         -0.00         -0.01         -0.03         -0.01         -0.02         -0.01         -0.01         -0.00
Yeast                           0.03          0.03         -0.01          0.01          0.03          0.03          0.03          0.03          0.01          0.01          0.03          0.00          0.02          0.03          0.00          0.03
Mean                            0.15          0.11          0.09          0.08          0.11          0.13          0.11          0.04          0.02          0.02          0.08          0.07          0.07          0.09          0.09          0.12
