Table A5: ARI for k-means on real-world datasets
====================================================================================================================================================================================================================================================================
Dataset                 No Reduction       PCA_k-1       PCA_25%       PCA_50%Kernel PCA_k-1Kernel PCA_25%Kernel PCA_50%       VAE_k-1       VAE_25%       VAE_50%    Isomap_k-1    Isomap_25%    Isomap_50%       MDS_k-1       MDS_25%       MDS_50%
--------------------------------------------------------------------------------------------------------------------------------------------------------------------------------------------------------------------------------------------------------------------
Breast Wisconsin                0.67          0.66          0.67          0.67          0.65          0.64          0.65          0.48          0.71          0.56          0.75          0.75          0.75          0.69          0.67          0.67
Breast tissue                   0.26          0.29          0.28          0.26          0.29          0.31          0.29          0.05          0.13          0.14          0.30          0.27          0.30          0.26          0.30          0.26
Ecoli                           0.50          0.50          0.46          0.48          0.50          0.43          0.37          0.50          0.17          0.18          0.50          0.43          0.51          0.50          0.36          0.51
Glass                           0.18          0.20          0.24          0.27          0.18          0.16          0.16          0.23          0.08          0.13          0.15          0.11          0.15          0.20          0.20          0.17
Haberman                       -0.00          0.01          0.01          0.01         -0.01         -0.01         -0.01          0.01         -0.01          0.04          0.01          0.01          0.01          0.01          0.01          0.01
Ionosphere                      0.17          0.16          0.17          0.17          0.21          0.21          0.21          0.16          0.08          0.00          0.14          0.14          0.14          0.11          0.15          0.17
Iris                            0.62          0.62          0.62          0.62          0.64          0.64          0.64          0.43          0.54          0.53          0.63          0.63          0.63          0.61          0.61          0.61
Movement libras                 0.31          0.31          0.31          0.30          0.34          0.33          0.31          0.11          0.16          0.17          0.32          0.34          0.33          0.31          0.32          0.31
Musk                            0.00          0.00          0.00          0.00          0.00         -0.00         -0.00         -0.00          0.00          0.00          0.00          0.00          0.00         -0.00          0.00          0.00
Parkinsons                     -0.10         -0.10         -0.10         -0.10          0.16          0.16          0.16         -0.06         -0.10         -0.04          0.12          0.11          0.10         -0.07         -0.10         -0.10
Segmentation                    0.46          0.45          0.45          0.46          0.51          0.46          0.53          0.47          0.45          0.39          0.39          0.39          0.39          0.47          0.47          0.48
Sonar all                      -0.00         -0.00         -0.00         -0.00          0.02          0.02          0.02          0.00         -0.00          0.07         -0.00         -0.00         -0.00          0.03         -0.00         -0.00
Spectf                         -0.10         -0.10         -0.10         -0.10         -0.05         -0.08         -0.08         -0.00         -0.11         -0.10         -0.09         -0.10         -0.10         -0.11         -0.10         -0.10
Transfusion                     0.05          0.05          0.05          0.05          0.01          0.01          0.01         -0.00          0.00          0.01          0.06          0.06          0.06          0.03          0.03          0.03
Vehicle                         0.08          0.08          0.08          0.08          0.08          0.07          0.07          0.08          0.09          0.11          0.10          0.12          0.12          0.08          0.08          0.07
Vertebral column                0.21          0.24          0.24          0.25          0.26          0.26          0.24          0.34          0.28          0.00          0.25          0.25          0.24          0.22          0.22          0.25
Vowel context                   0.16          0.16          0.16          0.18          0.16          0.13          0.17          0.16          0.08          0.14          0.16          0.14          0.18          0.16          0.16          0.18
Wine                            0.90          0.90          0.88          0.90          0.95          0.93          0.95          0.27          0.20          0.12          0.85          0.86          0.86          0.82          0.82          0.86
Wine quality red                0.06          0.06          0.06          0.06          0.05          0.06          0.06          0.04          0.04          0.05          0.07          0.08          0.07          0.06          0.06          0.07
Yeast                           0.17          0.17          0.09          0.12          0.17          0.06          0.12          0.17          0.08          0.07          0.17          0.10          0.14          0.17          0.16          0.16
Mean                            0.23          0.23          0.23          0.23          0.26          0.24          0.24          0.17          0.14          0.13          0.24          0.23          0.24          0.23          0.22          0.23
